[Banner2.jpg]
moddate=a0f63d794e5dd401
width=1920
height=770
text=2;296;174;&#010;&#013;&#010;16 MP AI-Selfie&#013;&#010;Flagship-level AI front camera&#013;&#010;12MP + 5MP rear dual camera&#013;&#010;Octa-core Snapdragon 625 processor&#013;&#010;&#013;&#010;Black & Blue Variants Now Available&#013;&#010;&#013;&#010;&#013;&#010;From ₹ 9,999;Arial;0.054713,0.166018,0.050377,6.283185;v1,4278190080,4279858293,128.000000,1.000000,0.000000,1.000000,400,0,49152;;128;8;Redmi Y2;Arial;0.061004,0.112713,0.100000,0.000000;v1,4278190080,4279858293,128.000000,1.000000,0.000000,1.000000,400,0,49152;;
textactive=1
[Banner3.jpg]
moddate=50b8677e4f5dd401
width=1920
height=770
text=3;248;126;&#013;&#010;&#013;&#010;12MP + 20 MP dual camera&#013;&#010;20MP front camera with AI Beautify 4.0&#013;&#010;Snapdragon™ 660 AI Engine&#013;&#010;&#013;&#010;Red Edition Now Available;Arial;0.047857,0.438291,0.038889,6.283185;v1,4278190080,4279858293,128.000000,1.000000,0.000000,1.000000,400,0,49152;;125;5;MI A2;Arial;0.052558,0.270192,0.133333,0.000000;v1,4278190080,4279858293,128.000000,1.000000,0.000000,1.000000,400,0,49152;;143;22;Picture Perfect Photos;Arial;0.046502,0.427548,0.071494,0.000000;v1,4278190080,4279858293,128.000000,1.000000,0.000000,1.000000,400,0,49152;;
textactive=1
[13.jpg]
filters=crop64=1,283a0750fffffe2b;
crop=rect64(283a0750fffffe2b)
moddate=6dfdbb8a515dd401
width=140
height=140
textactive=0
[11.jpg]
filters=crop64=1,283a01d4ffffffff;
crop=rect64(283a01d4ffffffff)
moddate=010537c1515dd401
width=140
height=140
textactive=0
